368 51            1
399 59
413 63
428 75
438 83
449 89
461 91
472 86
499 71
491 97
488 118
491 126
491 131
486 152
464 213
436 197
408 181
378 165
384 157
391 131
394 101
389 85
380 69
368 51

262 113    2
259 122
255 135
255 145
259 158
267 166
277 171
273 180
283 186
289 176
299 180
310 190
315 201
315 210
312 224
303 263
299 281
293 289
286 292
272 293
272 285
259 284
258 293
258 295
241 295
244 275
225 277
220 276
211 268
207 259
208 249
221 227
223 223
223 216
222 208
226 198
232 189
245 170
236 154
234 148
235 139
238 133
241 127
248 121
262 113

382 314   3
411 317
412 325
424 323
424 314
434 310
447 311
453 318
454 325
454 333
456 346
460 362
460 368
466 388
464 390
468 402
471 402
479 420
483 426
489 435
494 441
501 447
512 453
526 460
532 465
532 469
528 473
523 476
517 481
506 486
500 491
495 492
491 492
486 491
475 484
461 474
450 463
447 456
445 444
446 433
444 427
449 416
437 410
436 414
430 413
422 417
416 421
411 424
404 418
399 410
392 399
384 386
380 380
370 376
369 365
371 351
376 335
378 322
382 314

731 289      4
689 302
683 306
680 310
680 314
683 320
682 327
675 362
667 381
661 402
663 407
671 414
681 420
698 429
743 448
744 416
747 412
752 405
758 402
765 402
773 401
780 404
786 409
793 413
798 416
806 416
812 410
817 406
830 386
831 378
828 371
825 366
819 361
811 357
801 353
789 353
784 349
778 342
769 337
759 333
752 331
747 331
740 329
733 326
728 320
726 317
727 313
727 306
731 289

289 426     5
291 429
292 435
303 434
303 428
316 428
321 426
348 414
341 452
340 471
339 507
340 517
344 531
330 537
317 543
301 550
293 559
292 565
290 573
287 576
282 579
276 581
269 584
261 586
252 586
247 588
211 566
198 552
193 543
174 523
173 519
176 514
188 500
201 494
218 487
234 476
259 457
267 447
271 440
277 432
281 428
289 426

544 466       6
548 470
551 474
551 479
551 488
550 497
547 505
545 513
545 523
546 530
550 533
554 537
560 538
569 542
579 544
583 545
580 554
576 562
570 570
561 579
548 588
537 594
518 601
470 610
425 612
423 609
422 605
420 598
421 592
421 586
423 574
428 566
435 557
443 548
449 539
457 516
466 488
469 490
474 494
479 499
485 503
493 503
499 502
505 499
510 495
515 489
520 486
528 481
536 475
541 469
544 466

356 179              7
359 183
370 178
367 172
377 165
381 167
429 192
464 213
503 245
510 255
511 262
485 265
476 267
471 270
462 273
457 277
443 291
434 301
425 303
423 299
411 300
410 306
401 306
371 302
340 297
319 295
311 292
308 288
307 283
309 273
314 251
320 228
323 210
325 200
329 197
335 192
349 184
356 179














