368 51            1
399 59
413 63
428 75
438 83
449 89
461 91
472 86
499 71
491 97
488 118
491 126
491 131
486 152
464 213
436 197
408 181
378 165
384 157
391 131
394 101
389 85
380 69
368 51

262 113    2
259 122
255 135
255 145
259 158
267 166
277 171
273 180
283 186
289 176
299 180
310 190
315 201
315 210
312 224
303 263
299 281
293 289
286 292
272 293
272 285
259 284
258 293
258 295
241 295
244 275
225 277
220 276
211 268
207 259
208 249
221 227
223 223
223 216
222 208
226 198
232 189
245 170
236 154
234 148
235 139
238 133
241 127
248 121
262 113

382 314   3
411 317
412 325
424 323
424 314
434 310
447 311
453 318
454 325
454 333
456 346
460 362
460 368
466 388
464 390
468 402
471 402
479 420
483 426
489 435
494 441
501 447
512 453
526 460
532 465
532 469
528 473
523 476
517 481
506 486
500 491
495 492
491 492
486 491
475 484
461 474
450 463
447 456
445 444
446 433
444 427
449 416
437 410
436 414
430 413
422 417
416 421
411 424
404 418
399 410
392 399
384 386
380 380
370 376
369 365
371 351
376 335
378 322
382 314

731 289      4
689 302
683 306
680 310
680 314
683 320
682 327
675 362
667 381
661 402
663 407
671 414
681 420
698 429
743 448
744 416
747 412
752 405
758 402
765 402
773 401
780 404
786 409
793 413
798 416
806 416
812 410
817 406
830 386
831 378
828 371
825 366
819 361
811 357
801 353
789 353
784 349
778 342
769 337
759 333
752 331
747 331
740 329
733 326
728 320
726 317
727 313
727 306
731 289

289 426     5
291 429
292 435
303 434
303 428
316 428
321 426
348 414
341 452
340 471
339 507
340 517
344 531
330 537
317 543
301 550
293 559
292 565
290 573
287 576
282 579
276 581
269 584
261 586
252 586
247 588
211 566
198 552
193 543
174 523
173 519
176 514
188 500
201 494
218 487
234 476
259 457
267 447
271 440
277 432
281 428
289 426

544 466       6
548 470
551 474
551 479
551 488
550 497
547 505
545 513
545 523
546 530
550 533
554 537
560 538
569 542
579 544
583 545
580 554
576 562
570 570
561 579
548 588
537 594
518 601
470 610
425 612
423 609
422 605
420 598
421 592
421 586
423 574
428 566
435 557
443 548
449 539
457 516
466 488
469 490
474 494
479 499
485 503
493 503
499 502
505 499
510 495
515 489
520 486
528 481
536 475
541 469
544 466

356 179              7
359 183
370 178
367 172
377 165
381 167
429 192
464 213
503 245
510 255
511 262
485 265
476 267
471 270
462 273
457 277
443 291
434 301
425 303
423 299
411 300
410 306
401 306
371 302
340 297
319 295
311 292
308 288
307 283
309 273
314 251
320 228
323 210
325 200
329 197
335 192
349 184
356 179

497 273           8
507 271
517 272
524 268
530 265
539 260
555 252
570 239
576 235
591 223
596 226
598 228
605 220
606 219
600 214
613 203
625 190
632 183
633 177
641 167
657 159
663 157
672 155
679 155
685 156
689 157
695 160
702 162
707 166
712 171
718 178
723 184
735 200
739 207
741 214
744 221
746 227
747 235
748 243
745 252
743 258
738 274
732 289
721 292
708 296
692 301
685 305
680 310
680 315
657 317
649 317
639 316
616 314
592 310
568 303
541 293
516 282
497 273

382 314          9
380 317
377 330
374 339
371 351
369 365
370 376
365 374
361 376
357 381
356 388
353 394
350 403
346 406
338 411
330 412
319 413
302 415
302 411
289 411
288 419
289 420
289 414
288 419
280 420
271 419
267 418
262 418
257 414
248 409
240 402
233 395
227 388
219 375
215 361
208 330
218 324
244 312
257 304
257 308
271 308
271 302
324 308
382 314

678 346        10
661 354
642 359
633 363
620 366
595 371
584 369
573 366
560 365
548 363
529 362
512 360
495 361
475 363
481 383
486 383
490 394
487 395
497 414
503 423
512 432
521 441
528 446
544 463
544 466
549 472
552 482
552 489
550 498
547 505
545 515
545 524
550 532
557 538
561 540
569 543
583 545
598 531
604 526
619 511
629 500
644 484
655 469
653 464
656 454
657 445
661 435
671 415
667 410
662 406
659 401
661 396
671 374
678 346

248 588    11
261 586
272 584
282 581
288 575
291 570
292 560
297 554
307 547
320 541
345 533
353 547
361 553
376 559
388 562
401 565
415 568
426 570
422 581
419 596
422 604
425 611
429 616
432 624
430 634
423 649
418 644
411 641
404 640
395 640
387 643
377 648
376 650
367 655
357 658
343 661
320 663
306 665
301 671
297 670
291 661
285 649
276 629
268 614
262 608
259 607
248 588

427 613        12
445 613
465 611
484 609
503 605
523 600
543 592
554 585
564 576
574 566
581 554
582 550
585 549
586 554
591 560
598 566
609 572
627 573
638 574
624 578
618 582
606 593
604 599
607 607
615 624
619 637
620 645
620 655
617 666
611 676
596 685
579 684
566 680
560 674
553 668
547 659
547 655
543 654
535 655
526 658
514 661
502 666
480 665
464 663
445 660
429 653
423 649
426 642
430 636
431 627
430 619
427 613

594 206    13
588 203
579 213
585 217
561 235
545 246
533 255
518 260
510 260
508 253
504 246
497 239
491 233
485 229
472 219
464 213
477 179
484 156
490 137
492 125
489 120
488 116
490 105
492 93
500 71
510 64
524 56
537 52
540 51
544 52
547 54
555 60
564 67
563 69
561 74
561 79
562 84
566 89
580 102
592 113
601 124
615 135
621 140
625 140
632 140
642 138
649 135
656 135
662 136
669 140
650 149
644 154
633 162
627 174
614 187
594 206

362 165   14
368 163
372 157
376 153
381 141
381 129
378 114
370 90
370 83
365 78
356 75
344 75
329 77
316 74
304 75
290 80
275 92
272 107
269 118
266 126
263 134
261 143
264 151
270 158
276 161
281 165
284 159
295 164
294 170
305 175
310 181
318 184
324 188
334 185
343 180
352 172
346 164
357 158
362 165

680 314      15
683 318
683 322
682 327
681 335
679 343
674 348
666 351
654 356
643 360
630 363
616 367
604 369
592 370
581 370
578 368
570 366
562 364
549 362
530 360
495 361
475 363
469 344
466 330
465 313
463 303
465 299
469 291
474 286
477 282
483 278
498 272
509 280
514 281
527 286
542 293
564 301
585 307
591 309
597 310
603 312
611 313
621 316
639 317
661 316
680 314

268 443      16
266 451
262 455
255 461
250 466
239 474
223 483
187 501
191 496
190 490
187 488
180 484
173 481
167 477
161 471
154 461
139 438
126 416
122 405
117 391
109 370
105 361
104 356
106 350
110 343
117 336
129 325
140 315
145 307
149 301
151 300
160 299
168 297
173 298
177 296
187 293
192 293
196 294
199 299
199 307
197 310
196 318
195 331
199 341
203 353
204 366
206 379
204 385
201 392
202 413
205 424
209 438
210 443
213 451
220 455
230 459
237 459
247 456
258 452
268 443

427 427     17
426 431
437 438
439 440
439 444
439 455
441 459
442 463
444 468
447 472
452 477
460 483
466 487
464 495
459 511
453 528
451 534
447 542
442 550
440 553
436 557
428 565
425 569
408 567
400 565
391 563
381 560
371 556
364 554
359 551
351 545
349 541
346 535
342 523
341 511
339 488
340 467
345 436
349 413
366 406
373 403
377 404
381 406
386 412
396 422
408 434
411 436
416 434
427 427

672 415     18
706 433
743 447
737 512
736 520
732 529
722 542
711 550
701 558
694 555
687 554
678 554
667 558
639 574
622 573
610 572
605 570
595 564
588 556
583 547
642 487
654 471
654 465
654 456
656 449
660 438
672 415